1.495536 0.356815 0.487141 0.359231 0.501793 0.320388 0.182254 0.036507 0.025928 -0.038925 -0.079706 -0.127220 -0.141400 -0.112405 -0.069553 -0.057905 -0.063995 -0.017592 0.020062 -0.039189 -0.064264 
40.200893 0.667107 -0.001147 0.065162 0.594072 0.061841 0.120675 0.183426 0.087992 -0.008544 0.047464 0.034786 -0.080737 -0.050112 -0.012501 -0.117879 -0.098704 -0.074014 -0.112023 -0.109145 -0.098949 
211.339279 0.505709 0.226982 0.269440 0.628943 0.192131 0.246393 0.240442 0.112258 0.118585 0.086177 0.013993 0.035271 -0.010868 -0.041386 -0.009056 -0.073777 -0.038648 -0.007128 -0.103209 -0.046510 
10.558036 0.835204 -0.248224 -0.133372 0.372692 -0.126538 -0.028369 -0.051406 -0.081709 -0.046149 -0.105720 -0.030595 0.072934 -0.084747 0.044295 0.039020 -0.055631 0.040003 0.093441 -0.090161 0.050237 
17.544641 0.709262 -0.043671 -0.054231 0.351056 -0.102832 0.024498 -0.127941 -0.106774 -0.053615 -0.117821 -0.100546 -0.113294 -0.055602 -0.035610 -0.057951 -0.056837 0.062638 0.080000 -0.014172 0.096542 
115.625000 0.751553 -0.179322 0.036643 0.372299 -0.196909 0.064589 -0.094784 -0.137452 -0.046341 -0.129492 -0.125225 -0.056836 -0.084105 -0.092662 -0.000809 -0.063624 0.013298 0.079542 0.012639 0.111192 
51.584820 0.886658 -0.400399 -0.049682 0.448411 -0.222017 0.121431 0.002267 -0.062038 0.040821 -0.040742 -0.126693 0.047393 -0.074861 -0.071055 -0.013842 -0.063324 -0.008568 -0.007136 -0.074012 0.041820 
168.035721 0.594490 0.051558 0.242817 0.551692 0.103236 0.311658 0.126698 0.182976 0.138546 0.047952 0.101643 0.057693 0.027790 0.042408 0.076155 -0.021777 0.063907 0.080842 -0.010534 0.048902 
53.415180 0.773162 -0.098435 -0.134570 0.317570 -0.021684 -0.014013 -0.043674 -0.060253 -0.106193 -0.078229 -0.097598 -0.053749 -0.033566 -0.064384 -0.078157 0.012649 0.005902 0.076683 0.036570 0.029774 
12.700893 0.823061 -0.280457 -0.045775 0.437324 -0.134639 0.030145 0.043753 -0.015181 -0.052145 -0.050194 -0.086195 -0.065624 -0.108963 -0.103025 -0.051273 -0.060512 -0.087743 0.025592 -0.043856 -0.059875 
