0.000000 0.000000 1.000000 1.000000 0.591648 1.000000 0.619431 0.446404 0.509880 0.274856 0.230847 0.000000 0.000000 0.000000 0.227210 0.309092 0.311698 0.462587 0.642861 0.480084 0.165058 
0.184448 0.585629 0.449841 0.404479 0.888009 0.523332 0.438330 0.845227 0.703570 0.398994 0.820498 0.707873 0.283029 0.444333 0.614475 0.000000 0.000000 0.090528 0.000000 0.000000 0.000000 
1.000000 0.281015 0.706877 0.818164 1.000000 0.763541 0.808060 1.000000 0.779302 0.918442 1.000000 0.617021 0.824282 0.724254 0.418406 0.560844 0.223855 0.323740 0.510526 0.040737 0.249545 
0.043187 0.902888 0.171457 0.002426 0.177027 0.176030 0.000000 0.207758 0.173963 0.245340 0.110224 0.422195 1.000000 0.197286 1.000000 0.808620 0.386808 0.842375 1.000000 0.130279 0.709933 
0.076481 0.665192 0.401929 0.162695 0.107541 0.219734 0.155480 0.000000 0.095741 0.214836 0.054115 0.116549 0.131134 0.405170 0.457612 0.308854 0.375986 0.991632 0.934581 0.651768 0.930286 
0.543878 0.745009 0.249089 0.346725 0.175768 0.046291 0.273385 0.090006 0.000000 0.244557 0.000000 0.008717 0.394544 0.201862 0.070347 0.603347 0.315032 0.666279 0.932354 0.835766 1.000000 
0.238698 1.000000 0.000000 0.171907 0.420206 0.000000 0.440554 0.353458 0.235354 0.600699 0.411510 0.002305 0.880837 0.267798 0.217015 0.536180 0.317721 0.522093 0.510487 0.241110 0.669880 
0.793639 0.448577 0.509225 0.764249 0.751901 0.599650 1.000000 0.691234 1.000000 1.000000 0.822762 1.000000 0.928895 1.000000 0.987187 1.000000 0.690835 1.000000 0.938679 0.676736 0.703583 
0.247420 0.785793 0.340226 0.000000 0.000000 0.369342 0.042222 0.228747 0.240925 0.000000 0.237696 0.129430 0.408948 0.562356 0.262297 0.204716 1.000000 0.617508 0.918439 1.000000 0.612555 
0.053399 0.879969 0.135140 0.179820 0.384599 0.161095 0.172087 0.466074 0.381586 0.220839 0.367686 0.179255 0.353544 0.024556 0.000000 0.343269 0.342982 0.000000 0.669775 0.448058 0.185944 
